# #で始まる行はスキップされます
# 年,月,節入日,節入時(0-24),節入分(0-59)

1873,2,4,2,9
1873,3,5,20,44
1873,4,5,2,23
1873,5,5,20,37
1873,6,6,1,33
1873,7,7,12,10
1873,8,7,21,47
1873,9,8,0,3
1873,10,8,14,46
1873,11,7,17,3
1873,12,7,9,14
1874,1,5,20,6
1874,2,4,8,0
1874,3,6,2,41
1874,4,5,8,25
1874,5,6,2,41
1874,6,6,7,34
1874,7,7,18,6
1874,8,8,3,38
1874,9,8,5,49
1874,10,8,20,30
1874,11,7,22,45
1874,12,7,14,56
1875,1,6,1,55
1875,2,4,13,47
1875,3,6,8,24
1875,4,5,14,4
1875,5,6,8,16
1875,6,6,13,5
1875,7,7,23,37
1875,8,8,9,7
1875,9,8,11,31
1875,10,9,2,16
1875,11,8,4,34
1875,12,7,20,45
1876,1,6,7,41
1876,2,4,19,31
1876,3,5,14,7
1876,4,4,19,47
1876,5,5,14,0
1876,6,5,18,52
1876,7,7,5,26
1876,8,7,15,5
1876,9,7,17,24
1876,10,8,8,9
1876,11,7,10,25
1876,12,7,2,34
1877,1,5,13,20
1877,2,4,1,8
1877,3,5,19,45
1877,4,5,1,28
1877,5,5,19,42
1877,6,6,0,35
1877,7,7,11,8
1877,8,7,20,44
1877,9,7,23,0
1877,10,8,13,47
1877,11,7,16,4
1877,12,7,8,15
1878,1,5,19,18
1878,2,4,7,7
1878,3,6,1,43
1878,4,5,7,22
1878,5,6,1,33
1878,6,6,6,21
1878,7,7,16,51
1878,8,8,2,25
1878,9,8,4,42
1878,10,8,19,32
1878,11,7,21,55
1878,12,7,14,10
1879,1,6,1,10
1879,2,4,12,59
1879,3,6,7,33
1879,4,5,13,10
1879,5,6,7,20
1879,6,6,12,09
1879,7,7,22,40
1879,8,8,8,16
1879,9,8,10,34
1879,10,9,1,32
1879,11,8,3,46
1879,12,7,20,1
1880,1,6,7,0
1880,2,4,18,49
1880,3,5,13,23
1880,4,4,18,58
1880,5,5,13,6
1880,6,5,17,55
1880,7,7,4,27
1880,8,7,14,4
1880,9,7,16,23
1880,10,8,7,11
1880,11,7,9,31
1880,12,7,1,45
1881,1,5,12,45
1881,2,4,0,36
1881,3,5,19,12
1881,4,5,0,50
1881,5,5,18,58
1881,6,5,23,46
1881,7,7,10,16
1881,8,7,19,51
1881,9,7,22,9
1881,10,8,12,58
1881,11,7,15,18
1881,12,7,7,32
1882,1,5,18,33
1882,2,4,6,27
1882,3,6,1,7
1882,4,5,6,48
1882,5,6,0,58
1882,6,6,5,45
1882,7,7,16,13
1882,8,8,1,46
1882,9,8,4,2
1882,10,8,18,50
1882,11,7,21,12
1882,12,7,13,28
1883,1,6,0,28
1883,2,4,12,20
1883,3,6,6,56
1883,4,5,12,33
1883,5,6,6,41
1883,6,6,11,26
1883,7,7,21,53
1883,8,8,7,27
1883,9,8,9,46
1883,10,9,0,37
1883,11,8,3,1
1883,12,7,19,18
1884,1,6,6,18
1884,2,4,18,8
1884,3,5,12,43
1884,4,4,18,20
1884,5,5,12,30
1884,6,5,17,18
1884,7,7,3,50
1884,8,7,13,26
1884,9,7,15,44
1884,10,8,6,32
1884,11,7,8,54
1884,12,7,1,9
1885,1,5,12,9
1885,2,3,23,59
1885,3,5,18,36
1885,4,5,0,15
1885,5,5,18,27
1885,6,5,23,18
1885,7,7,9,50
1885,8,7,19,23
1885,9,7,21,39
1885,10,8,12,24
1885,11,7,14,44
1885,12,7,6,59
1886,1,5,17,59
1886,2,4,5,52
1886,3,6,0,29
1886,4,5,6,7
1886,5,6,0,15
1886,6,6,5,0
1886,7,7,15,29
1886,8,8,1,3
1886,9,8,3,20
1886,10,8,18,9
1886,11,7,20,30
1886,12,7,12,47
1887,1,5,23,49
1887,2,4,11,41
1887,3,6,6,18
1887,4,5,11,55
1887,5,6,6,4
1887,6,6,10,51
1887,7,7,21,22
1887,8,8,6,58
1887,9,8,9,18
1887,10,9,0,8
1887,11,8,2,29
1887,12,7,18,43
1888,1,6,5,21
1888,2,4,17,10
1888,3,5,11,45
1888,4,4,17,23
1888,5,5,11,32
1888,6,5,16,21
1888,7,7,2,53
1888,8,7,12,30
1888,9,7,14,51
1888,10,8,5,41
1888,11,7,8,2
1888,12,7,0,15
1889,1,5,11,11
1889,2,3,22,58
1889,3,5,17,32
1889,4,4,23,9
1889,5,5,17,19
1889,6,5,22,8
1889,7,7,8,39
1889,8,7,18,15
1889,9,7,20,38
1889,10,8,11,27
1889,11,7,13,50
1889,12,7,6,4
1890,1,5,17,2
1890,2,4,4,51
1890,3,5,23,25
1890,4,5,5,2
1890,5,5,23,12
1890,6,6,4,1
1890,7,7,14,32
1890,8,8,0,8
1890,9,8,2,27
1890,10,8,17,18
1890,11,7,19,44
1890,12,7,12,2
1891,1,5,23,1
1891,2,4,10,48
1891,3,6,5,17
1891,4,5,10,47
1891,5,6,4,51
1891,6,6,9,36
1891,7,7,20,7
1891,8,8,5,45
1891,9,8,8,7
1891,10,8,23,1
1891,11,8,1,28
1891,12,7,17,47
1892,1,6,4,48
1892,2,4,16,35
1892,3,5,11,5
1892,4,4,16,34
1892,5,5,10,37
1892,6,5,15,22
1892,7,7,1,55
1892,8,7,11,35
1892,9,7,13,59
1892,10,8,4,52
1892,11,7,7,17
1892,12,6,23,34
1893,1,5,10,34
1893,2,3,22,24
1893,3,5,16,57
1893,4,4,22,30
1893,5,5,16,35
1893,6,5,21,20
1893,7,7,7,49
1893,8,7,17,26
1893,9,7,19,48
1893,10,8,10,40
1893,11,7,13,5
1893,12,7,5,21
1894,1,5,16,22
1894,2,4,4,12
1894,3,5,22,47
1894,4,5,4,20
1894,5,5,22,22
1894,6,6,3,1
1894,7,7,13,25
1894,8,7,22,58
1894,9,8,1,20
1894,10,8,16,15
1894,11,7,18,44
1894,12,7,11,4
1895,1,5,22,7
1895,2,4,9,57
1895,3,6,4,31
1895,4,5,10,4
1895,5,6,4,7
1895,6,6,8,49
1895,7,7,19,15
1895,8,8,4,50
1895,9,8,7,12
1895,10,8,22,8
1895,11,8,0,36
1895,12,7,16,55
1896,1,6,3,55
1896,2,4,15,43
1896,3,5,10,15
1896,4,4,15,47
1896,5,5,9,52
1896,6,5,14,37
1896,7,7,1,6
1896,8,7,10,41
1896,9,7,13,2
1896,10,8,3,54
1896,11,7,6,21
1896,12,6,22,39
1897,1,5,9,40
1897,2,3,21,29
1897,3,5,16,1
1897,4,4,21,33
1897,5,5,15,39
1897,6,5,20,23
1897,7,7,6,51
1897,8,7,16,26
1897,9,7,18,45
1897,10,8,9,36
1897,11,7,12,2
1897,12,7,4,21
1898,1,5,15,24
1898,2,4,3,15
1898,3,5,21,50
1898,4,5,3,24
1898,5,5,21,29
1898,6,6,2,14
1898,7,7,12,43
1898,8,7,22,19
1898,9,8,0,39
1898,10,8,15,31
1898,11,7,17,56
1898,12,7,10,15
1899,1,5,21,17
1899,2,4,9,7
1899,3,6,3,38
1899,4,5,9,9
1899,5,6,3,10
1899,6,6,7,52
1899,7,7,18,21
1899,8,8,3,59
1899,9,8,6,23
1899,10,8,21,19
1899,11,7,23,46
1899,12,7,16,4
1900,1,6,3,4
1900,2,4,14,51
1900,3,6,9,22
1900,4,5,14,53
1900,5,6,8,55
1900,6,6,13,39
1900,7,8,0,10
1900,8,8,9,50
1900,9,8,12,16
1900,10,9,3,13
1900,11,8,5,39
1900,12,7,21,55
1901,1,6,8,53
1901,2,4,20,40
1901,3,6,15,11
1901,4,5,20,44
1901,5,6,14,50
1901,6,6,19,36
1901,7,8,6,7
1901,8,8,15,46
1901,9,8,18,10
1901,10,9,9,6
1901,11,8,11,34
1901,12,8,3,53
1902,1,6,14,52
1902,2,5,2,38
1902,3,6,21,7
1902,4,6,2,37
1902,5,6,20,38
1902,6,7,1,20
1902,7,8,11,46
1902,8,8,21,22
1902,9,8,23,46
1902,10,9,14,45
1902,11,8,17,18
1902,12,8,9,41
1903,1,6,20,44
1903,2,5,8,31
1903,3,7,2,59
1903,4,6,8,26
1903,5,7,2,25
1903,6,7,7,7
1903,7,8,17,37
1903,8,9,3,16
1903,9,9,5,42
1903,10,9,20,42
1903,11,8,23,13
1903,12,8,15,36
1904,1,7,2,37
1904,2,5,14,24
1904,3,6,8,52
1904,4,5,14,19
1904,5,6,8,19
1904,6,6,13,1
1904,7,7,23,32
1904,8,8,9,12
1904,9,8,11,38
1904,10,9,2,36
1904,11,8,5,5
1904,12,7,21,25
1905,1,6,8,27
1905,2,4,20,16
1905,3,6,14,46
1905,4,5,20,14
1905,5,6,14,14
1905,6,6,18,54
1905,7,8,5,20
1905,8,8,14,57
1905,9,8,17,22
1905,10,9,8,20
1905,11,8,10,50
1905,12,8,3,11
1906,1,6,14,14
1906,2,5,2,4
1906,3,6,20,36
1906,4,6,2,7
1906,5,6,20,8
1906,6,7,0,49
1906,7,8,11,15
1906,8,8,20,52
1906,9,8,23,16
1906,10,9,14,15
1906,11,8,16,47
1906,12,8,9,10
1907,1,6,20,12
1907,2,5,7,59
1907,3,7,2,27
1907,4,6,7,55
1907,5,7,1,54
1907,6,7,6,33
1907,7,8,16,59
1907,8,9,2,36
1907,9,9,5,2
1907,10,9,20,3
1907,11,8,22,36
1907,12,8,15,0
1908,1,7,2,1
1908,2,5,13,47
1908,3,6,8,14
1908,4,5,13,40
1908,5,6,7,38
1908,6,6,12,19
1908,7,7,22,48
1908,8,8,8,27
1908,9,8,10,53
1908,10,9,1,51
1908,11,8,4,22
1908,12,7,20,44
1909,1,6,7,45
1909,2,4,19,33
1909,3,6,14,1
1909,4,5,19,29
1909,5,6,13,31
1909,6,6,18,14
1909,7,8,4,44
1909,8,8,14,23
1909,9,8,16,47
1909,10,9,7,43
1909,11,8,10,13
1909,12,8,2,35
1910,1,6,13,38
1910,2,5,1,28
1910,3,6,19,57
1910,4,6,1,23
1910,5,6,19,19
1910,6,6,23,56
1910,7,8,10,21
1910,8,8,19,57
1910,9,8,22,22
1910,10,9,13,21
1910,11,8,15,54
1910,12,8,8,17
1911,1,6,19,21
1911,2,5,7,11
1911,3,7,1,39
1911,4,6,7,5
1911,5,7,1,1
1911,6,7,5,38
1911,7,8,16,5
1911,8,9,1,45
1911,9,9,4,13
1911,10,9,19,15
1911,11,8,21,47
1911,12,8,14,8
1912,1,7,1,8
1912,2,5,12,54
1912,3,6,7,21
1912,4,5,12,48
1912,5,6,6,47
1912,6,6,11,28
1912,7,7,21,57
1912,8,8,7,37
1912,9,8,10,6
1912,10,9,1,7
1912,11,8,3,39
1912,12,7,19,59
1913,1,6,6,58
1913,2,4,18,43
1913,3,6,13,9
1913,4,5,18,36
1913,5,6,12,35
1913,6,6,17,14
1913,7,8,3,39
1913,8,8,13,16
1913,9,8,15,43
1913,10,9,6,44
1913,11,8,9,18
1913,12,8,1,41
1914,1,6,12,43
1914,2,5,0,29
1914,3,6,18,56
1914,4,6,0,22
1914,5,6,18,20
1914,6,6,23,0
1914,7,8,9,28
1914,8,8,19,6
1914,9,8,21,33
1914,10,9,12,35
1914,11,8,15,11
1914,12,8,7,37
1915,1,6,18,41
1915,2,5,6,26
1915,3,7,0,48
1915,4,6,6,10
1915,5,7,0,3
1915,6,7,4,40
1915,7,8,15,8
1915,8,9,0,48
1915,9,9,3,17
1915,10,9,18,21
1915,11,8,20,58
1915,12,8,13,24
1916,1,7,0,28
1916,2,5,12,14
1916,3,6,6,38
1916,4,5,11,58
1916,5,6,5,50
1916,6,6,10,26
1916,7,7,20,54
1916,8,8,6,35
1916,9,8,9,5
1916,10,9,0,8
1916,11,8,2,43
1916,12,7,19,6
1917,1,6,6,10
1917,2,4,17,58
1917,3,6,12,25
1917,4,5,17,50
1917,5,6,11,46
1917,6,6,16,23
1917,7,8,2,51
1917,8,8,12,30
1917,9,8,15,0
1917,10,9,6,3
1917,11,8,8,37
1917,12,8,1,1
1918,1,6,12,5
1918,2,4,23,53
1918,3,6,18,21
1918,4,5,23,46
1918,5,6,17,38
1918,6,6,22,11
1918,7,8,8,32
1918,8,8,18,8
1918,9,8,20,36
1918,10,9,11,41
1918,11,8,14,19
1918,12,8,6,47
1919,1,6,17,52
1919,2,5,5,40
1919,3,7,0,6
1919,4,6,5,29
1919,5,6,23,22
1919,6,7,3,57
1919,7,8,14,21
1919,8,8,23,58
1919,9,9,2,28
1919,10,9,17,34
1919,11,8,20,12
1919,12,8,12,38
1920,1,6,23,41
1920,2,5,11,27
1920,3,6,5,51
1920,4,5,11,15
1920,5,6,5,12
1920,6,6,9,51
1920,7,7,20,19
1920,8,8,5,58
1920,9,8,8,27
1920,10,8,23,30
1920,11,8,2,5
1920,12,7,18,31
1921,1,6,5,34
1921,2,4,17,21
1921,3,6,11,46
1921,4,5,17,9
1921,5,6,11,4
1921,6,6,15,42
1921,7,8,2,7
1921,8,8,11,44
1921,9,8,14,10
1921,10,9,5,11
1921,11,8,7,46
1921,12,8,0,12
1922,1,6,11,17
1922,2,4,23,7
1922,3,6,17,34
1922,4,5,22,58
1922,5,6,16,53
1922,6,6,21,30
1922,7,8,7,58
1922,8,8,17,38
1922,9,8,20,7
1922,10,9,11,10
1922,11,8,13,46
1922,12,8,6,11
1923,1,6,17,14
1923,2,5,5,1
1923,3,6,23,25
1923,4,6,4,46
1923,5,6,22,39
1923,6,7,3,15
1923,7,8,13,42
1923,8,8,23,25
1923,9,9,1,58
1923,10,9,17,4
1923,11,8,19,41
1923,12,8,12,5
1924,1,6,23,6
1924,2,5,10,50
1924,3,6,5,13
1924,4,5,10,33
1924,5,6,4,26
1924,6,6,9,2
1924,7,7,19,30
1924,8,8,5,13
1924,9,8,7,46
1924,10,8,22,53
1924,11,8,1,30
1924,12,7,17,54
1925,1,6,4,53
1925,2,4,16,37
1925,3,6,11,0
1925,4,5,16,23
1925,5,6,10,18
1925,6,6,14,57
1925,7,8,1,25
1925,8,8,11,8
1925,9,8,13,41
1925,10,9,4,48
1925,11,8,7,27
1925,12,7,23,53
1926,1,6,10,55
1926,2,4,22,39
1926,3,6,17,0
1926,4,5,22,19
1926,5,6,16,9
1926,6,6,20,42
1926,7,8,7,6
1926,8,8,16,45
1926,9,8,19,16
1926,10,9,10,25
1926,11,8,13,8
1926,12,8,5,39
1927,1,6,16,45
1927,2,5,4,31
1927,3,6,22,51
1927,4,6,4,7
1927,5,6,21,53
1927,6,7,2,25
1927,7,8,12,50
1927,8,8,22,32
1927,9,9,1,6
1927,10,9,16,16
1927,11,8,18,57
1927,12,8,11,27
1928,1,6,22,32
1928,2,5,10,17
1928,3,6,4,38
1928,4,5,9,55
1928,5,6,3,44
1928,6,6,8,18
1928,7,7,18,45
1928,8,8,4,28
1928,9,8,7,2
1928,10,8,22,11
1928,11,8,0,50
1928,12,7,17,18
1929,1,6,4,23
1929,2,4,16,9
1929,3,6,10,32
1929,4,5,15,52
1929,5,6,9,41
1929,6,6,14,11
1929,7,8,0,32
1929,8,8,10,9
1929,9,8,12,40
1929,10,9,3,48
1929,11,8,6,28
1929,12,7,22,57
1930,1,6,10,3
1930,2,4,21,52
1930,3,6,16,17
1930,4,5,21,38
1930,5,6,15,28
1930,6,6,19,58
1930,7,8,6,20
1930,8,8,15,58
1930,9,8,18,29
1930,10,9,9,38
1930,11,8,12,21
1930,12,8,4,51
1931,1,6,15,56
1931,2,5,3,41
1931,3,6,22,3
1931,4,6,3,21
1931,5,6,21,10
1931,6,7,1,42
1931,7,8,12,6
1931,8,8,21,45
1931,9,9,0,18
1931,10,9,15,27
1931,11,8,18,10
1931,12,8,10,41
1932,1,6,21,46
1932,2,5,9,30
1932,3,6,3,50
1932,4,5,9,7
1932,5,6,2,55
1932,6,6,7,28
1932,7,7,17,53
1932,8,8,3,32
1932,9,8,6,3
1932,10,8,21,10
1932,11,7,23,50
1932,12,7,16,19
1933,1,6,3,24
1933,2,4,15,10
1933,3,6,9,32
1933,4,5,14,51
1933,5,6,8,42
1933,6,6,13,18
1933,7,7,23,45
1933,8,8,9,26
1933,9,8,11,58
1933,10,9,3,4
1933,11,8,5,43
1933,12,7,22,12
1934,1,6,9,16
1934,2,4,21,4
1934,3,6,15,27
1934,4,5,20,44
1934,5,6,14,31
1934,6,6,19,2
1934,7,8,5,25
1934,8,8,15,4
1934,9,8,17,37
1934,10,9,8,46
1934,11,8,11,27
1934,12,8,3,57
1935,1,6,15,3
1935,2,5,2,49
1935,3,6,21,11
1935,4,6,2,27
1935,5,6,20,12
1935,6,7,0,42
1935,7,8,11,6
1935,8,8,20,48
1935,9,8,23,25
1935,10,9,14,36
1935,11,8,17,18
1935,12,8,9,45
1936,1,6,20,47
1936,2,5,8,30
1936,3,6,2,50
1936,4,5,8,7
1936,5,6,1,57
1936,6,6,6,31
1936,7,7,16,59
1936,8,8,2,44
1936,9,8,5,21
1936,10,8,20,33
1936,11,7,23,15
1936,12,7,15,43
1937,1,6,2,44
1937,2,4,14,26
1937,3,6,8,45
1937,4,5,14,2
1937,5,6,7,51
1937,6,6,12,23
1937,7,7,22,46
1937,8,8,8,26
1937,9,8,11,0
1937,10,9,2,11
1937,11,8,4,56
1937,12,7,21,27
1938,1,6,8,32
1938,2,4,20,15
1938,3,6,14,34
1938,4,5,19,49
1938,5,6,13,35
1938,6,6,18,7
1938,7,8,4,32
1938,8,8,14,13
1938,9,8,16,49
1938,10,9,8,2
1938,11,8,10,49
1938,12,8,3,23
1939,1,6,14,28
1939,2,5,2,11
1939,3,6,20,27
1939,4,6,1,38
1939,5,6,19,21
1939,6,6,23,52
1939,7,8,10,19
1939,8,8,20,4
1939,9,8,22,42
1939,10,9,13,57
1939,11,8,16,44
1939,12,8,9,18
1940,1,6,20,24
1940,2,5,8,8
1940,3,6,2,24
1940,4,5,7,35
1940,5,6,1,17
1940,6,6,5,44
1940,7,7,16,8
1940,8,8,1,52
1940,9,8,4,30
1940,10,8,19,43
1940,11,7,22,27
1940,12,7,14,58
1941,1,6,2,4
1941,2,4,13,50
1941,3,6,8,10
1941,4,5,13,25
1941,5,6,7,10
1941,6,6,11,40
1941,7,7,22,3
1941,8,8,7,46
1941,9,8,10,24
1941,10,9,1,39
1941,11,8,4,25
1941,12,7,20,57
1942,1,6,8,10
1942,2,4,19,49
1942,3,6,14,10
1942,4,5,19,24
1942,5,6,13,7
1942,6,6,17,33
1942,7,8,3,52
1942,8,8,13,31
1942,9,8,16,7
1942,10,9,7,22
1942,11,8,10,12
1942,12,8,2,47
1943,1,6,13,55
1943,2,5,1,41
1943,3,6,19,59
1943,4,6,1,12
1943,5,6,18,54
1943,6,6,23,19
1943,7,8,9,39
1943,8,8,19,19
1943,9,8,21,56
1943,10,9,13,11
1943,11,8,15,59
1943,12,8,8,33
1944,1,6,19,40
1944,2,5,7,24
1944,3,6,1,41
1944,4,5,6,54
1944,5,6,0,40
1944,6,6,5,11
1944,7,7,15,36
1944,8,8,1,19
1944,9,8,3,56
1944,10,8,19,9
1944,11,7,21,55
1944,12,7,14,28
1945,1,6,1,35
1945,2,4,13,20
1945,3,6,7,38
1945,4,5,12,52
1945,5,6,6,37
1945,6,6,11,6
1945,7,7,21,27
1945,8,8,7,6
1945,9,8,9,39
1945,10,9,0,50
1945,11,8,3,35
1945,12,7,20,8
1946,1,6,7,17
1946,2,4,19,4
1946,3,6,13,25
1946,4,5,18,39
1946,5,6,12,22
1946,6,6,16,49
1946,7,8,3,11
1946,8,8,12,52
1946,9,8,15,28
1946,10,9,6,41
1946,11,8,9,28
1946,12,8,2,1
1947,1,6,13,7
1947,2,5,0,51
1947,3,6,19,8
1947,4,6,0,21
1947,5,6,18,3
1947,6,6,22,32
1947,7,8,8,56
1947,8,8,18,41
1947,9,8,21,22
1947,10,9,12,38
1947,11,8,15,25
1947,12,8,7,57
1948,1,6,19,1
1948,2,5,6,43
1948,3,6,0,58
1948,4,5,6,10
1948,5,5,23,53
1948,6,6,4,21
1948,7,7,14,44
1948,8,8,0,27
1948,9,8,3,6
1948,10,8,18,21
1948,11,7,21,7
1948,12,7,13,38
1949,1,6,0,42
1949,2,4,12,24
1949,3,6,6,40
1949,4,5,11,52
1949,5,6,5,37
1949,6,6,10,7
1949,7,7,20,32
1949,8,8,6,16
1949,9,8,8,55
1949,10,9,0,12
1949,11,8,3,1
1949,12,7,19,34
1950,1,6,6,39
1950,2,4,18,21
1950,3,6,12,36
1950,4,5,17,45
1950,5,6,11,25
1950,6,6,15,51
1950,7,8,2,14
1950,8,8,11,56
1950,9,8,14,34
1950,10,9,5,52
1950,11,8,8,44
1950,12,8,1,22
1951,1,6,12,31
1951,2,5,0,14
1951,3,6,18,27
1951,4,5,23,33
1951,5,6,17,10
1951,6,6,21,33
1951,7,8,7,54
1951,8,8,17,38
1951,9,8,20,19
1951,10,9,11,37
1951,11,8,14,27
1951,12,8,7,3
1952,1,6,18,10
1952,2,5,5,54
1952,3,6,0,8
1952,4,5,5,16
1952,5,5,22,54
1952,6,6,3,21
1952,7,7,13,45
1952,8,7,23,32
1952,9,8,2,14
1952,10,8,17,33
1952,11,7,20,22
1952,12,7,12,56
1953,1,6,0,3
1953,2,4,11,47
1953,3,6,6,3
1953,4,5,11,13
1953,5,6,4,53
1953,6,6,9,17
1953,7,7,19,35
1953,8,8,5,15
1953,9,8,7,54
1953,10,8,23,11
1953,11,8,2,2
1953,12,7,18,38
1954,1,6,5,46
1954,2,4,17,31
1954,3,6,11,49
1954,4,5,17,0
1954,5,6,10,39
1954,6,6,15,1
1954,7,8,1,20
1954,8,8,11,0
1954,9,8,13,38
1954,10,9,4,58
1954,11,8,7,51
1954,12,8,0,29
1955,1,6,11,37
1955,2,4,23,18
1955,3,6,17,32
1955,4,5,22,39
1955,5,6,16,18
1955,6,6,20,44
1955,7,8,7,6
1955,8,8,16,51
1955,9,8,19,32
1955,10,9,10,53
1955,11,8,13,46
1955,12,8,6,24
1956,1,6,17,31
1956,2,5,5,13
1956,3,5,23,25
1956,4,5,4,32
1956,5,5,22,10
1956,6,6,2,36
1956,7,7,12,59
1956,8,7,22,41
1956,9,8,1,20
1956,10,8,16,37
1956,11,7,19,27
1956,12,7,12,3
1957,1,5,23,11
1957,2,4,10,55
1957,3,6,5,11
1957,4,5,10,19
1957,5,6,3,59
1957,6,6,8,25
1957,7,7,18,49
1957,8,8,4,33
1957,9,8,7,13
1957,10,8,22,31
1957,11,8,1,21
1957,12,7,17,57
1958,1,6,5,5
1958,2,4,16,50
1958,3,6,11,6
1958,4,5,16,13
1958,5,6,9,50
1958,6,6,14,13
1958,7,8,0,34
1958,8,8,10,18
1958,9,8,13,0
1958,10,9,4,20
1958,11,8,7,13
1958,12,7,23,50
1959,1,6,10,59
1959,2,4,22,43
1959,3,6,16,57
1959,4,5,22,4
1959,5,6,15,39
1959,6,6,20,1
1959,7,8,6,20
1959,8,8,16,5
1959,9,8,18,49
1959,10,9,10,11
1959,11,8,13,3
1959,12,8,5,38
1960,1,6,16,43
1960,2,5,4,23
1960,3,5,22,36
1960,4,5,3,44
1960,5,5,21,23
1960,6,6,1,48
1960,7,7,12,13
1960,8,7,22,0
1960,9,8,0,46
1960,10,8,16,9
1960,11,7,19,2
1960,12,7,11,38
1961,1,5,22,43
1961,2,4,10,23
1961,3,6,4,35
1961,4,5,9,42
1961,5,6,3,21
1961,6,6,7,46
1961,7,7,18,7
1961,8,8,3,48
1961,9,8,6,29
1961,10,8,21,51
1961,11,8,0,46
1961,12,7,17,26
1962,1,6,4,35
1962,2,4,16,18
1962,3,6,10,30
1962,4,5,15,34
1962,5,6,9,9
1962,6,6,13,31
1962,7,7,23,51
1962,8,8,9,34
1962,9,8,12,16
1962,10,9,3,38
1962,11,8,6,35
1962,12,7,23,17
1963,1,6,10,27
1963,2,4,22,8
1963,3,6,16,17
1963,4,5,21,19
1963,5,6,14,52
1963,6,6,19,14
1963,7,8,5,38
1963,8,8,15,26
1963,9,8,18,12
1963,10,9,9,36
1963,11,8,12,33
1963,12,8,5,13
1964,1,6,16,23
1964,2,5,4,5
1964,3,5,22,16
1964,4,5,3,18
1964,5,5,20,51
1964,6,6,1,12
1964,7,7,11,32
1964,8,7,21,16
1964,9,8,0,0
1964,10,8,15,22
1964,11,7,18,15
1964,12,7,10,53
1965,1,5,22,2
1965,2,4,9,46
1965,3,6,4,1
1965,4,5,9,7
1965,5,6,2,42
1965,6,6,7,2
1965,7,7,17,21
1965,8,8,3,5
1965,9,8,5,48
1965,10,8,21,11
1965,11,8,0,7
1965,12,7,16,46
1966,1,6,3,55
1966,2,4,15,38
1966,3,6,9,52
1966,4,5,14,57
1966,5,6,8,30
1966,6,6,12,50
1966,7,7,23,7
1966,8,8,8,49
1966,9,8,11,32
1966,10,9,2,57
1966,11,8,5,56
1966,12,7,22,38
1967,1,6,9,49
1967,2,4,21,31
1967,3,6,15,42
1967,4,5,20,45
1967,5,6,14,17
1967,6,6,18,36
1967,7,8,4,53
1967,8,8,14,35
1967,9,8,17,18
1967,10,9,8,41
1967,11,8,11,38
1967,12,8,4,18
1968,1,6,15,27
1968,2,5,3,8
1968,3,5,21,18
1968,4,5,2,21
1968,5,5,19,56
1968,6,6,0,19
1968,7,7,10,42
1968,8,7,20,27
1968,9,7,23,12
1968,10,8,14,35
1968,11,7,17,30
1968,12,7,10,9
1969,1,5,21,17
1969,2,4,8,59
1969,3,6,3,11
1969,4,5,8,15
1969,5,6,1,50
1969,6,6,6,11
1969,7,7,16,32
1969,8,8,2,14
1969,9,8,4,56
1969,10,8,20,17
1969,11,7,23,12
1969,12,7,15,52
1970,1,6,3,2
1970,2,4,14,46
1970,3,6,8,59
1970,4,5,14,2
1970,5,6,7,34
1970,6,6,11,52
1970,7,7,22,11
1970,8,8,7,54
1970,9,8,10,38
1970,10,9,2,2
1970,11,8,4,58
1970,12,7,21,38
1971,1,6,8,45
1971,2,4,20,26
1971,3,6,14,35
1971,4,5,19,36
1971,5,6,13,8
1971,6,6,17,29
1971,7,8,3,51
1971,8,8,13,40
1971,9,8,16,30
1971,10,9,7,59
1971,11,8,10,57
1971,12,8,3,36
1972,1,6,14,42
1972,2,5,2,20
1972,3,5,20,28
1972,4,5,1,29
1972,5,5,19,1
1972,6,5,23,22
1972,7,7,9,43
1972,8,7,19,29
1972,9,7,22,15
1972,10,8,13,42
1972,11,7,16,40
1972,12,7,9,19
1973,1,5,20,26
1973,2,4,8,4
1973,3,6,2,13
1973,4,5,7,14
1973,5,6,0,46
1973,6,6,5,7
1973,7,7,15,27
1973,8,8,1,13
1973,9,8,4,0
1973,10,8,19,28
1973,11,7,22,28
1973,12,7,15,11
1974,1,6,2,20
1974,2,4,14,0
1974,3,6,8,7
1974,4,5,13,5
1974,5,6,6,34
1974,6,6,10,52
1974,7,7,21,11
1974,8,8,6,57
1974,9,8,9,45
1974,10,9,1,15
1974,11,8,4,18
1974,12,7,21,5
1975,1,6,8,18
1975,2,4,19,59
1975,3,6,14,6
1975,4,5,19,2
1975,5,6,12,27
1975,6,6,16,42
1975,7,8,2,59
1975,8,8,12,45
1975,9,8,15,33
1975,10,9,7,2
1975,11,8,10,3
1975,12,8,2,47
1976,1,6,13,58
1976,2,5,1,40
1976,3,5,19,48
1976,4,5,0,47
1976,5,5,18,14
1976,6,5,22,31
1976,7,7,8,51
1976,8,7,18,39
1976,9,7,21,28
1976,10,8,12,58
1976,11,7,15,59
1976,12,7,8,41
1977,1,5,19,51
1977,2,4,7,34
1977,3,6,1,44
1977,4,5,6,46
1977,5,6,0,16
1977,6,6,4,32
1977,7,7,14,48
1977,8,8,0,30
1977,9,8,3,16
1977,10,8,18,44
1977,11,7,21,46
1977,12,7,14,31
1978,1,6,1,44
1978,2,4,13,27
1978,3,6,7,38
1978,4,5,12,39
1978,5,6,6,9
1978,6,6,10,23
1978,7,7,20,37
1978,8,8,6,18
1978,9,8,9,3
1978,10,9,0,31
1978,11,8,3,34
1978,12,7,20,20
1979,1,6,7,32
1979,2,4,19,13
1979,3,6,13,20
1979,4,5,18,18
1979,5,6,11,47
1979,6,6,16,5
1979,7,8,2,25
1979,8,8,12,11
1979,9,8,15,0
1979,10,9,6,30
1979,11,8,9,33
1979,12,8,2,18
1980,1,6,13,29
1980,2,5,1,10
1980,3,5,19,17
1980,4,5,0,15
1980,5,5,17,45
1980,6,5,22,4
1980,7,7,8,24
1980,8,7,18,9
1980,9,7,20,54
1980,10,8,12,20
1980,11,7,15,19
1980,12,7,8,2
1981,1,5,19,13
1981,2,4,6,56
1981,3,6,1,5
1981,4,5,6,5
1981,5,5,23,35
1981,6,6,3,53
1981,7,7,14,12
1981,8,7,23,57
1981,9,8,2,43
1981,10,8,18,10
1981,11,7,21,9
1981,12,7,13,52
1982,1,6,1,3
1982,2,4,12,46
1982,3,6,6,55
1982,4,5,11,53
1982,5,6,5,20
1982,6,6,9,36
1982,7,7,19,55
1982,8,8,5,42
1982,9,8,8,32
1982,10,9,0,2
1982,11,8,3,4
1982,12,7,19,48
1983,1,6,6,59
1983,2,4,18,40
1983,3,6,12,47
1983,4,5,17,44
1983,5,6,11,11
1983,6,6,15,26
1983,7,8,1,43
1983,8,8,11,30
1983,9,8,14,20
1983,10,9,5,51
1983,11,8,8,53
1983,12,8,1,34
1984,1,6,12,41
1984,2,5,0,19
1984,3,5,18,25
1984,4,4,23,22
1984,5,5,16,51
1984,6,5,21,9
1984,7,7,7,29
1984,8,7,17,18
1984,9,7,20,10
1984,10,8,11,43
1984,11,7,14,46
1984,12,7,7,28
1985,1,5,18,35
1985,2,4,6,12
1985,3,6,0,16
1985,4,5,5,14
1985,5,5,22,43
1985,6,6,3,0
1985,7,7,13,19
1985,8,7,23,4
1985,9,8,1,53
1985,10,8,17,25
1985,11,7,20,29
1985,12,7,13,16
1986,1,6,0,28
1986,2,4,12,8
1986,3,6,6,12
1986,4,5,11,6
1986,5,6,4,31
1986,6,6,8,44
1986,7,7,19,1
1986,8,8,4,46
1986,9,8,7,35
1986,10,8,23,7
1986,11,8,2,13
1986,12,7,19,1
1987,1,6,6,13
1987,2,4,17,52
1987,3,6,11,54
1987,4,5,16,44
1987,5,6,10,6
1987,6,6,14,19
1987,7,8,0,39
1987,8,8,10,29
1987,9,8,13,24
1987,10,9,5,0
1987,11,8,8,6
1987,12,8,0,52
1988,1,6,12,4
1988,2,4,23,43
1988,3,5,17,47
1988,4,4,22,39
1988,5,5,16,2
1988,6,5,20,15
1988,7,7,6,33
1988,8,7,16,20
1988,9,7,19,12
1988,10,8,10,45
1988,11,7,13,49
1988,12,7,6,34
1989,1,5,17,46
1989,2,4,5,27
1989,3,5,23,34
1989,4,5,4,30
1989,5,5,21,54
1989,6,6,2,5
1989,7,7,12,19
1989,8,7,22,4
1989,9,8,0,54
1989,10,8,16,27
1989,11,7,19,34
1989,12,7,12,21
1990,1,5,23,33
1990,2,4,11,14
1990,3,6,5,19
1990,4,5,10,13
1990,5,6,3,35
1990,6,6,7,46
1990,7,7,18,0
1990,8,8,3,46
1990,9,8,6,37
1990,10,8,22,14
1990,11,8,1,23
1990,12,7,18,14
1991,1,6,5,28
1991,2,4,17,8
1991,3,6,11,12
1991,4,5,16,5
1991,5,6,9,27
1991,6,6,13,38
1991,7,7,23,53
1991,8,8,9,37
1991,9,8,12,27
1991,10,9,4,1
1991,11,8,7,8
1991,12,7,23,56
1992,1,6,11,9
1992,2,4,22,48
1992,3,5,16,52
1992,4,4,21,45
1992,5,5,15,9
1992,6,5,19,22
1992,7,7,5,40
1992,8,7,15,27
1992,9,7,18,18
1992,10,8,9,51
1992,11,7,12,57
1992,12,7,5,44
1993,1,5,16,57
1993,2,4,4,37
1993,3,5,22,43
1993,4,5,3,37
1993,5,5,21,2
1993,6,6,1,15
1993,7,7,11,32
1993,8,7,21,18
1993,9,8,0,8
1993,10,8,15,40
1993,11,7,18,46
1993,12,7,11,34
1994,1,5,22,48
1994,2,4,10,31
1994,3,6,4,38
1994,4,5,9,32
1994,5,6,2,54
1994,6,6,7,5
1994,7,7,17,19
1994,8,8,3,4
1994,9,8,5,55
1994,10,8,21,29
1994,11,8,0,36
1994,12,7,17,23
1995,1,6,4,34
1995,2,4,16,13
1995,3,6,10,16
1995,4,5,15,8
1995,5,6,8,30
1995,6,6,12,42
1995,7,7,23,1
1995,8,8,8,52
1995,9,8,11,49
1995,10,9,3,27
1995,11,8,6,36
1995,12,7,23,22
1996,1,6,10,31
1996,2,4,22,8
1996,3,5,16,10
1996,4,4,21,2
1996,5,5,14,26
1996,6,5,18,41
1996,7,7,5,0
1996,8,7,14,49
1996,9,7,17,42
1996,10,8,9,19
1996,11,7,12,27
1996,12,7,5,14
1997,1,5,16,24
1997,2,4,4,2
1997,3,5,22,4
1997,4,5,2,56
1997,5,5,20,19
1997,6,6,0,33
1997,7,7,10,49
1997,8,7,20,36
1997,9,7,23,29
1997,10,8,15,5
1997,11,7,18,15
1997,12,7,11,5
1998,1,5,22,18
1998,2,4,9,57
1998,3,6,3,57
1998,4,5,8,45
1998,5,6,2,3
1998,6,6,6,13
1998,7,7,16,30
1998,8,8,2,20
1998,9,8,5,16
1998,10,8,20,56
1998,11,8,0,8
1998,12,7,17,2
1999,1,6,4,17
1999,2,4,15,57
1999,3,6,9,58
1999,4,5,14,45
1999,5,6,8,1
1999,6,6,12,9
1999,7,7,22,25
1999,8,8,8,14
1999,9,8,11,10
1999,10,9,2,48
1999,11,8,5,58
1999,12,7,22,47
2000,1,6,10,1
2000,2,4,21,40
2000,3,5,15,43
2000,4,4,20,32
2000,5,5,13,50
2000,6,5,17,59
2000,7,7,4,14
2000,8,7,14,3
2000,9,7,16,59
2000,10,8,8,38
2000,11,7,11,48
2000,12,7,4,37
2001,1,5,15,49
2001,2,4,3,29
2001,3,5,21,32
2001,4,5,2,24
2001,5,5,19,45
2001,6,5,23,54
2001,7,7,10,7
2001,8,7,19,52
2001,9,7,22,46
2001,10,8,14,25
2001,11,7,17,37
2001,12,7,10,29
2002,1,5,21,43
2002,2,4,9,24
2002,3,6,3,28
2002,4,5,8,18
2002,5,6,1,37
2002,6,6,5,45
2002,7,7,15,56
2002,8,8,1,39
2002,9,8,4,31
2002,10,8,20,9
2002,11,7,23,22
2002,12,7,16,14
2003,1,6,3,28
2003,2,4,15,5
2003,3,6,9,5
2003,4,5,13,52
2003,5,6,7,10
2003,6,6,11,20
2003,7,7,21,36
2003,8,8,7,24
2003,9,8,10,20
2003,10,9,2,1
2003,11,8,5,13
2003,12,7,22,5
2004,1,6,9,19
2004,2,4,20,56
2004,3,5,14,56
2004,4,4,19,43
2004,5,5,13,2
2004,6,5,17,14
2004,7,7,3,31
2004,8,7,13,20
2004,9,7,16,13
2004,10,8,7,49
2004,11,7,10,59
2004,12,7,3,49
2005,1,5,15,3
2005,2,4,2,43
2005,3,5,20,45
2005,4,5,1,34
2005,5,5,18,53
2005,6,5,23,2
2005,7,7,9,17
2005,8,7,19,3
2005,9,7,21,57
2005,10,8,13,33
2005,11,7,16,42
2005,12,7,9,33
2006,1,5,20,47
2006,2,4,8,27
2006,3,6,2,29
2006,4,5,7,15
2006,5,6,0,31
2006,6,6,4,37
2006,7,7,14,51
2006,8,8,0,41
2006,9,8,3,39
2006,10,8,19,21
2006,11,7,22,35
2006,12,7,15,27
2007,1,6,2,40
2007,2,4,14,18
2007,3,6,8,18
2007,4,5,13,5
2007,5,6,6,20
2007,6,6,10,27
2007,7,7,20,42
2007,8,8,6,31
2007,9,8,9,29
2007,10,9,1,12
2007,11,8,4,24
2007,12,7,21,14
2008,1,6,8,25
2008,2,4,20,0
2008,3,5,13,59
2008,4,4,18,46
2008,5,5,12,3
2008,6,5,16,12
2008,7,7,2,27
2008,8,7,12,16
2008,9,7,15,14
2008,10,8,6,57
2008,11,7,10,11
2008,12,7,3,2
2009,1,5,14,14
2009,2,4,1,50
2009,3,5,19,48
2009,4,5,0,34
2009,5,5,17,51
2009,6,5,21,59
2009,7,7,8,13
2009,8,7,18,1
2009,9,7,20,58
2009,10,8,12,40
2009,11,7,15,56
2009,12,7,8,52
2010,1,5,20,9
2010,2,4,7,48
2010,3,6,1,46
2010,4,5,6,30
2010,5,5,23,44
2010,6,6,3,49
2010,7,7,14,2
2010,8,7,23,49
2010,9,8,2,45
2010,10,8,18,26
2010,11,7,21,42
2010,12,7,14,38
2011,1,6,1,55
2011,2,4,13,33
2011,3,6,7,30
2011,4,5,12,12
2011,5,6,5,23
2011,6,6,9,27
2011,7,7,19,42
2011,8,8,5,33
2011,9,8,8,34
2011,10,9,0,19
2011,11,8,3,35
2011,12,7,20,29
2012,1,6,7,44
2012,2,4,19,22
2012,3,5,13,21
2012,4,4,18,6
2012,5,5,11,20
2012,6,5,15,26
2012,7,7,1,41
2012,8,7,11,31
2012,9,7,14,29
2012,10,8,6,12
2012,11,7,9,26
2012,12,7,2,19
2013,1,5,13,34
2013,2,4,1,13
2013,3,5,19,15
2013,4,5,0,2
2013,5,5,17,18
2013,6,5,21,23
2013,7,7,7,35
2013,8,7,17,20
2013,9,7,20,16
2013,10,8,11,58
2013,11,7,15,14
2013,12,7,8,9
2014,1,5,19,24
2014,2,4,7,3
2014,3,6,1,2
2014,4,5,5,47
2014,5,5,22,59
2014,6,6,3,3
2014,7,7,13,15
2014,8,7,23,2
2014,9,8,2,1
2014,10,8,17,48
2014,11,7,21,7
2014,12,7,14,4
2015,1,6,1,21
2015,2,4,12,58
2015,3,6,6,56
2015,4,5,11,39
2015,5,6,4,53
2015,6,6,8,58
2015,7,7,19,12
2015,8,8,5,1
2015,9,8,8,0
2015,10,8,23,43
2015,11,8,2,59
2015,12,7,19,53
2016,1,6,7,8
2016,2,4,18,46
2016,3,5,12,44
2016,4,4,17,28
2016,5,5,10,42
2016,6,5,14,49
2016,7,7,1,3
2016,8,7,10,53
2016,9,7,13,51
2016,10,8,5,33
2016,11,7,8,48
2016,12,7,1,41
2017,1,5,12,56
2017,2,4,0,34
2017,3,5,18,33
2017,4,4,23,17
2017,5,5,16,31
2017,6,5,20,37
2017,7,7,6,51
2017,8,7,16,40
2017,9,7,19,39
2017,10,8,11,22
2017,11,7,14,38
2017,12,7,7,33
2018,1,5,18,49
2018,2,4,6,28
2018,3,6,0,28
2018,4,5,5,13
2018,5,5,22,25
2018,6,6,2,29
2018,7,7,12,42
2018,8,7,22,31
2018,9,8,1,30
2018,10,8,17,15
2018,11,7,20,32
2018,12,7,13,26
2019,1,6,0,39
2019,2,4,12,14
2019,3,6,6,10
2019,4,5,10,51
2019,5,6,4,3
2019,6,6,8,6
2019,7,7,18,21
2019,8,8,4,13
2019,9,8,7,17
2019,10,8,23,6
2019,11,8,2,24
2019,12,7,19,18
2020,1,6,6,30
2020,2,4,18,3
2020,3,5,11,57
2020,4,4,16,38
2020,5,5,9,51
2020,6,5,13,58
2020,7,7,0,14
2020,8,7,10,6
2020,9,7,13,8
2020,10,8,4,55
2020,11,7,8,14
2020,12,7,1,9
2021,1,5,12,22
2021,2,3,23,59
2021,3,5,17,52
2021,4,4,22,35
2021,5,5,15,47
2021,6,5,19,52
2021,7,7,6,5
2021,8,7,15,54
2021,9,7,18,53
2021,10,8,10,36
2021,11,7,13,57
2021,12,7,6,56
2022,1,5,18,12
2022,2,4,5,51
2022,3,5,23,44
2022,4,5,4,21
2022,5,5,21,25
2022,6,6,1,29
2022,7,7,11,35
2022,8,7,21,29
2022,9,8,0,33
2022,10,8,16,25
2022,11,7,19,47
2022,12,7,12,46
2023,1,6,0,4
2023,2,4,11,42
2023,3,6,5,36
2023,4,5,10,12
2023,5,6,3,19
2023,6,6,7,16
2023,7,7,17,30
2023,8,8,3,23
2023,9,8,6,26
2023,10,8,22,14
2023,11,8,1,37
2023,12,7,18,36
2024,1,6,5,49
2024,2,4,17,27
2024,3,5,11,23
2024,4,4,16,1
2024,5,5,9,10
2024,6,5,13,10
2024,7,6,23,20
2024,8,7,9,9
2024,9,7,12,10
2024,10,8,4,3
2024,11,7,7,20
2024,12,7,0,17
2025,1,5,11,32
2025,2,3,23,10
2025,3,5,17,8
2025,4,4,21,50
2025,5,5,14,57
2025,6,5,18,56
2025,7,7,5,5
2025,8,7,14,48
2025,9,7,17,52
2025,10,8,9,41
2025,11,7,13,4
2025,12,7,6,4
2026,1,5,17,23
2026,2,4,5,2
2026,3,5,22,58
2026,4,5,3,39
2026,5,5,20,48
2026,6,6,0,48
2026,7,7,10,57
2026,8,7,20,42
2026,9,7,23,41
2026,10,8,15,29
2026,11,7,18,52
2026,12,7,11,52
2027,1,5,23,10
2027,2,4,10,46
2027,3,6,4,39
2027,4,5,9,17
2027,5,6,2,22
2027,6,6,6,25
2027,7,7,16,37
2027,8,8,2,23
2027,9,8,5,28
2027,10,8,21,17
2027,11,8,0,38
2027,12,7,17,37
2028,1,6,4,54
2028,2,4,16,31
2028,3,5,10,24
2028,4,4,15,3
2028,5,5,8,10
2028,6,5,12,13
2028,7,6,22,30
2028,8,7,8,21
2028,9,7,11,24
2028,10,8,3,8
2028,11,7,6,27
2028,12,6,23,24
2029,1,5,10,42
2029,2,3,22,20
2029,3,5,16,17
2029,4,4,20,58
2029,5,5,14,7
2029,6,5,18,10
2029,7,7,4,22
2029,8,7,14,11
2029,9,7,17,12
2029,10,8,8,58
2029,11,7,12,16
2029,12,7,5,13
2030,1,5,16,30
2030,2,4,4,8
2030,3,5,22,3
2030,4,5,2,41
2030,5,5,19,46
2030,6,5,23,44
2030,7,7,9,55
2030,8,7,19,47
2030,9,7,22,52
2030,10,8,14,45
2030,11,7,18,8
2030,12,7,11,7
2031,1,5,22,23
2031,2,4,9,58
2031,3,6,3,51
2031,4,5,8,28
2031,5,6,1,33
2031,6,6,5,35
2031,7,7,15,48
2031,8,8,1,43
2031,9,8,4,49
2031,10,8,20,45
2031,11,8,0,5
2031,12,7,17,3
2032,1,6,4,16
2032,2,4,15,49
2032,3,5,9,40
2032,4,4,14,17
2032,5,5,7,25
2032,6,5,11,28
2032,7,6,21,41
2032,8,7,7,32
2032,9,7,10,37
2032,10,8,2,30
2032,11,7,5,54
2032,12,6,22,53
2033,1,5,10,8
2033,2,3,21,41
2033,3,5,15,32
2033,4,4,20,8
2033,5,5,13,13
2033,6,5,17,13
2033,7,7,3,25
2033,8,7,13,15
2033,9,7,16,20
2033,10,8,8,14
2033,11,7,11,41
2033,12,7,4,45
2034,1,5,16,4
2034,2,4,3,41
2034,3,5,21,32
2034,4,5,2,7
2034,5,5,19,9
2034,6,5,23,6
2034,7,7,9,17
2034,8,7,19,9
2034,9,7,22,14
2034,10,8,14,7
2034,11,7,17,33
2034,12,7,10,36
2035,1,5,21,55
2035,2,4,9,31
2035,3,6,3,19
2035,4,5,7,55
2035,5,6,0,55
2035,6,6,4,50
2035,7,7,15,1
2035,8,8,0,54
2035,9,8,4,2
2035,10,8,19,57
2035,11,7,23,23
2035,12,7,16,25
2036,1,6,3,43
2036,2,4,15,20
2036,3,5,9,11
2036,4,4,13,43
2036,5,5,6,49
2036,6,5,10,47
2036,7,6,20,57
2036,8,7,6,49
2036,9,7,9,55
2036,10,8,1,50
2036,11,7,5,14
2036,12,6,22,16
2037,1,5,9,34
2037,2,3,21,11
2037,3,5,15,6
2037,4,4,19,44
2037,5,5,12,49
2037,6,5,16,46
2037,7,7,2,55
2037,8,7,12,43
2037,9,7,15,45
2037,10,8,7,39
2037,11,7,11,4
2037,12,7,4,7
2038,1,5,15,26
2038,2,4,3,3
2038,3,5,20,55
2038,4,5,1,29
2038,5,5,18,31
2038,6,5,22,25
2038,7,7,8,32
2038,8,7,18,21
2038,9,7,21,26
2038,10,8,13,21
2038,11,7,16,50
2038,12,7,9,56
2039,1,5,21,16
2039,2,4,8,52
2039,3,6,2,43
2039,4,5,7,15
2039,5,6,0,18
2039,6,6,4,15
2039,7,7,14,26
2039,8,8,0,18
2039,9,8,3,24
2039,10,8,19,17
2039,11,7,22,42
2039,12,7,15,45
2040,1,6,3,3
2040,2,4,14,39
2040,3,5,8,31
2040,4,4,13,5
2040,5,5,6,9
2040,6,5,10,8
2040,7,6,20,19
2040,8,7,6,10
2040,9,7,9,14
2040,10,8,1,5
2040,11,7,4,29
2040,12,6,21,29
2041,1,5,8,48
2041,2,3,20,25
2041,3,5,14,14
2041,4,4,18,52
2041,5,5,11,54
2041,6,5,15,49
2041,7,7,1,58
2041,8,7,11,48
2041,9,7,14,53
2041,10,8,6,47
2041,11,7,10,13
2041,12,7,3,15
2042,1,5,14,35
2042,2,4,2,12
2042,3,5,20,4
2042,4,5,0,40
2042,5,5,17,42
2042,6,5,21,31
2042,7,7,7,47
2042,8,7,17,38
2042,9,7,20,45
2042,10,8,12,40
2042,11,7,16,7
2042,12,7,9,9
2043,1,5,20,25
2043,2,4,7,58
2043,3,6,1,47
2043,4,5,6,20
2043,5,5,23,22
2043,6,6,3,18
2043,7,7,13,27
2043,8,7,23,20
2043,9,8,2,28
2043,10,8,18,27
2043,11,7,21,55
2043,12,7,14,57
2044,1,6,2,12
